001 000 000 000                         
002 000 000 068                         
003 000 000 136                         
004 000 000 204                         
005 000 068 000                         
006 000 068 068                         
007 000 068 136                         
008 000 068 204                         
009 000 136 000                         
010 000 136 068                         
011 000 136 136                         
012 000 136 204                         
013 000 204 000                         
014 000 204 068                         
015 000 204 136                         
016 000 204 204                         
017 068 000 000                         
018 068 000 068                         
019 068 000 136                         
020 068 000 204                         
021 068 068 000                         
022 068 068 068                         
023 068 068 136                         
024 068 068 204                         
025 068 136 000                         
026 068 136 068                         
027 068 136 136                         
028 068 136 204                         
029 068 204 000                         
030 068 204 068                         
031 068 204 136                         
032 068 204 204                         
033 136 000 000                         
034 136 000 068                         
035 136 000 136                         
036 136 000 204                         
037 136 068 000                         
038 136 068 068                         
039 136 068 136                         
040 136 068 204                         
041 136 136 000                         
042 136 136 068                         
043 136 136 136                         
044 136 136 204                         
045 136 204 000                         
046 136 204 068                         
047 136 204 136                         
048 136 204 204                         
049 204 000 000                         
050 204 000 068                         
051 204 000 136                         
052 204 000 204                         
053 204 068 000                         
054 204 068 068                         
055 204 068 136                         
056 204 068 204                         
057 204 136 000                         
058 204 136 068                         
059 204 136 136                         
060 204 136 204                         
061 204 204 000                         
062 204 204 068                         
063 204 204 136                         
064 204 204 204                         
065 017 017 017                         
066 017 017 085                         
067 017 017 153                         
068 017 017 221                         
069 017 085 017                         
070 017 085 085                         
071 017 085 153                         
072 017 085 221                         
073 017 153 017                         
074 017 153 085                         
075 017 153 153                         
076 017 153 221                         
077 017 221 017                         
078 017 221 085                         
079 017 221 153                         
080 017 221 221                         
081 085 017 017                         
082 085 017 085                         
083 085 017 153                         
084 085 017 221                         
085 085 085 017                         
086 085 085 085                         
087 085 085 153                         
088 085 085 221                         
089 085 153 017                         
090 085 153 085                         
091 085 153 153                         
092 085 153 221                         
093 085 221 017                         
094 085 221 085                         
095 085 221 153                         
096 085 221 221                         
097 153 017 017                         
098 153 017 085                         
099 153 017 153                         
100 153 017 221                         
101 153 085 017                         
102 153 085 085                         
103 153 085 153                         
104 153 085 221                         
105 153 153 017                         
106 153 153 085                         
107 153 153 153                         
108 153 153 221                         
109 153 221 017                         
110 153 221 085                         
111 153 221 153                         
112 153 221 221                         
113 221 017 017                         
114 221 017 085                         
115 221 017 153                         
116 221 017 221                         
117 221 085 017                         
118 221 085 085                         
119 221 085 153                         
120 221 085 221                         
121 221 153 017                         
122 221 153 085                         
123 221 153 153                         
124 221 153 221                         
125 221 221 017                         
126 221 221 085                         
127 221 221 153                         
128 221 221 221                         
129 034 034 034                         
130 034 034 102                         
131 034 034 170                         
132 034 034 238                         
133 034 102 034                         
134 034 102 102                         
135 034 102 170                         
136 034 102 238                         
137 034 170 034                         
138 034 170 102                         
139 034 170 170                         
140 034 170 238                         
141 034 238 034                         
142 034 238 102                         
143 034 238 170                         
144 034 238 238                         
145 102 034 034                         
146 102 034 102                         
147 102 034 170                         
148 102 034 238                         
149 102 102 034                         
150 102 102 102                         
151 102 102 170                         
152 102 102 238                         
153 102 170 034                         
154 102 170 102                         
155 102 170 170                         
156 102 170 238                         
157 102 238 034                         
158 102 238 102                         
159 102 238 170                         
160 102 238 238                         
161 170 034 034                         
162 170 034 102                         
163 170 034 170                         
164 170 034 238                         
165 170 102 034                         
166 170 102 102                         
167 170 102 170                         
168 170 102 238                         
169 170 170 034                         
170 170 170 102                         
171 170 170 170                         
172 170 170 238                         
173 170 238 034                         
174 170 238 102                         
175 170 238 170                         
176 170 238 238                         
177 238 034 034                         
178 238 034 102                         
179 238 034 170                         
180 238 034 238                         
181 238 102 034                         
182 238 102 102                         
183 238 102 170                         
184 238 102 238                         
185 238 170 034                         
186 238 170 102                         
187 238 170 170                         
188 238 170 238                         
189 238 238 034                         
190 238 238 102                         
191 238 238 170                         
192 238 238 238                         
193 051 051 051                         
194 051 051 119                         
195 051 051 187                         
196 051 051 255                         
197 051 119 051                         
198 051 119 119                         
199 051 119 187                         
200 051 119 255                         
201 051 187 051                         
202 051 187 119                         
203 051 187 187                         
204 051 187 255                         
205 051 255 051                         
206 051 255 119                         
207 051 255 187                         
208 051 255 255                         
209 119 051 051                         
210 119 051 119                         
211 119 051 187                         
212 119 051 255                         
213 119 119 051                         
214 119 119 119                         
215 119 119 187                         
216 119 119 255                         
217 119 187 051                         
218 119 187 119                         
219 119 187 187                         
220 119 187 255                         
221 119 255 051                         
222 119 255 119                         
223 119 255 187                         
224 119 255 255                         
225 187 051 051                         
226 187 051 119                         
227 187 051 187                         
228 187 051 255                         
229 187 119 051                         
230 187 119 119                         
231 187 119 187                         
232 187 119 255                         
233 187 187 051                         
234 187 187 119                         
235 187 187 187                         
236 187 187 255                         
237 187 255 051                         
238 187 255 119                         
239 187 255 187                         
240 187 255 255                         
241 255 051 051                         
242 255 051 119                         
243 255 051 187                         
244 255 051 255                         
245 255 119 051                         
246 255 119 119                         
247 255 119 187                         
248 255 119 255                         
249 255 187 051                         
250 255 187 119                         
251 255 187 187                         
252 255 187 255                         
253 255 255 051                         
254 255 255 119                         
255 255 255 187                         
256 255 255 255                         